[1] 1010031
[1] 1010031
[1] 31.25
[1] 31.25
[1] 31.25
[1] 31.25
[1] 31.25
[1] 31.25
[1] 31.25
[1] 31.25
[1] 31.25
[1] 31.25
[1] 31.25
[1] 31.25
[1] 31.25
[1] 31.25
[1] 31.25
[1] 31.25
[1] 31.25
[1] 31.25
[1] 31.25
[1] 31.25
[1] 31.25
[1] 31.25
[1] 31.25
[1] 31.25
[1] 31.25
[1] 31.25
[1] 31.25
[1] 31.25
[1] 31.25
[1] 31.25
[1] 31.25
[1] 31.25
[1] 31.25
[1] 31.25
[1] 31.25
[1] 31.25
[1] 31.25
[1] 31.25
[1] 31.25
[1] 31.25
[1] 31.25
[1] 31.25
[1] 31.25
[1] 31.25
[1] 31.25
[1] 31.25
[1] 31.25
[1] 31.25
[1] 31.25
[1] 31.25
[1] 31.25
[1] 31.25
[1] 31.25
[1] 31.25
[1] 31.25
[1] 31.25
[1] 31.25
[1] 31.25
[1] 31.25
[1] 31.25
[1] 31.25
[1] 31.25
[1] 1010031
[1] 31.25
[1] 31.25
[1] 31.25
[1] 31.25
[1] 31.25
[1] 31.25
[1] 31.25
[1] 31.25
[1] 31.25
[1] 31.25
[1] 31.25
[1] 31.25
[1] 1010031
[1] 31.25
[1] 31.25
[1] 31.25
[1] 31.25
[1] 31.25
[1] 31.25
[1] 31.25
[1] 31.25
[1] 31.25
[1] 31.25
[1] 31.25
[1] 31.25
[1] 31.25
[1] 31.25
[1] 31.25
[1] 31.25
[1] 31.25
[1] 31.25
[1] 31.25
[1] 31.25
[1] 31.25
[1] 31.25
[1] 31.25
[1] 31.25
[1] 31.25
[1] 31.25
[1] 31.25
[1] 31.25
[1] 31.25
[1] 31.25
[1] 31.25
[1] 31.25
[1] 31.25
[1] 31.25
[1] 31.25
[1] 31.25
[1] 31.25
[1] 31.25
[1] 31.25
[1] 31.25
[1] 31.25
[1] 31.25
[1] 31.25
[1] 31.25
[1] 31.25
[1] 31.25
[1] 31.25
[1] 31.25
[1] 31.25
[1] 31.25
[1] 31.25
[1] 31.25
[1] 31.25
[1] 31.25
[1] 31.25
[1] 31.25
[1] 31.25
[1] 31.25
[1] 31.25
[1] 31.25
[1] 31.25
[1] 31.25
[1] 31.25
[1] 31.25
[1] 900267031
[1] 31.25
[1] 31.25
[1] 31.25
[1] 31.25
[1] 31.25
[1] 31.25
[1] 31.25
[1] 31.25
[1] 31.25
[1] 31.25
[1] 31.25
[1] 31.25
[1] 31.25
[1] 31.25
[1] 31.25
[1] 31.25
[1] 31.25
[1] 31.25
[1] 31.25
[1] 31.25
[1] 31.25
[1] 31.25
[1] 31.25
[1] 31.25
[1] 31.25
[1] 31.25
[1] 31.25
[1] 31.25
[1] 31.25
[1] 31.25
[1] 31.25
[1] 31.25
[1] 31.25
[1] 31.25
[1] 31.25
[1] 31.25
[1] 31.25
[1] 31.25
[1] 31.25
[1] 31.25
[1] 31.25
[1] 31.25
[1] 31.25
[1] 31.25
[1] 31.25
[1] 31.25
[1] 31.25
[1] 31.25
